kinect:
  fx: 1070
  fy: 1070
  x0: 960
  y0: 540
  k1: 0.08791
  k2: -0.14014
  k3: -0.0083855
  p1: -0.00088018
  p2: 0.052061

s4:
  fx: 3264.40
  fy: 3350.28
  x0: 2038.15
  y0: 1487.33
  k1:  0.10166682
  k2: -0.20993016
  k3: 0.00156755
  p1: -0.00095969
  p2: 0.32492785
